{
 "cells": [
  {
   "cell_type": "code",
   "execution_count": 16,
   "metadata": {},
   "outputs": [],
   "source": [
    "# Useful starting lines\n",
    "%matplotlib inline\n",
    "import numpy as np\n",
    "import matplotlib.pyplot as plt\n",
    "#from implementations import *\n",
    "from proj1_helpers import *\n",
    "%load_ext autoreload\n",
    "%autoreload 2"
   ]
  },
  {
   "cell_type": "code",
   "execution_count": 8,
   "metadata": {},
   "outputs": [],
   "source": [
    "path_tr = \"../data/train.csv\"\n",
    "yb_tr, data_tr, ids_tr = load_csv_data(path_tr,True)"
   ]
  },
  {
   "cell_type": "code",
   "execution_count": 42,
   "metadata": {},
   "outputs": [],
   "source": [
    "data_tr0, mean_tr, std_tr = standardize(data_tr)"
   ]
  },
  {
   "cell_type": "code",
   "execution_count": 27,
   "metadata": {},
   "outputs": [],
   "source": [
    "path_te = \"../data/train.csv\"\n",
    "yb_te, data_te, ids_te = load_csv_data(path_te,True)"
   ]
  },
  {
   "cell_type": "code",
   "execution_count": 20,
   "metadata": {},
   "outputs": [],
   "source": [
    "nfeatures = data_tr.shape[1]\n",
    "initial_w = np.zeros([nfeatures,1])"
   ]
  },
  {
   "cell_type": "markdown",
   "metadata": {},
   "source": [
    "Since the features can have numeric values in whatever range, $exp(X^\\top\\,w)$ can be very large when chosing $w_{initial}=1$ (or any other finite value), resulting in $\\sigma=1$. On the other hand chosing $w_{initial}=0$ results in $\\sigma=0.5$.\n",
    "Not sure though whether that actually has an influence on the stability of the method.\n",
    "On a second thought, standardisation or normalisation would actually make it reasonable to use a finite $w_{initial}$. I was thinking maybe $w_{initial} = \\tfrac{1}{\\# features}$."
   ]
  },
  {
   "cell_type": "code",
   "execution_count": 46,
   "metadata": {},
   "outputs": [
    {
     "name": "stdout",
     "output_type": "stream",
     "text": [
      "\n",
      "YOOOO, this is sigma ... bitch!\n",
      "[[1.]]\n",
      "[[0.5]]\n",
      "\n",
      "yb\n",
      "(1,)\n",
      "[-1.]\n",
      "txb\n",
      "(1, 30)\n",
      "[[-2.20683471  0.9041633  -0.92554654 -0.85153966 -0.6468678  -0.61250388\n",
      "  -0.64686314 -1.34194834 -0.68359863 -0.76290994 -0.49487791 -1.0590301\n",
      "  -0.64686909 -0.19557766 -1.39962359  0.19361784 -0.53837322 -1.67082857\n",
      "   0.80368935  0.31775915 -1.20144031 -0.99745102 -1.00946496 -1.2274507\n",
      "  -1.23242823 -1.23242815 -0.64641193 -0.64686729 -0.64686766 -0.73493209]]\n",
      "w\n",
      "(30, 1)\n",
      "[[0.]\n",
      " [0.]\n",
      " [0.]\n",
      " [0.]\n",
      " [0.]\n",
      " [0.]\n",
      " [0.]\n",
      " [0.]\n",
      " [0.]\n",
      " [0.]\n",
      " [0.]\n",
      " [0.]\n",
      " [0.]\n",
      " [0.]\n",
      " [0.]\n",
      " [0.]\n",
      " [0.]\n",
      " [0.]\n",
      " [0.]\n",
      " [0.]\n",
      " [0.]\n",
      " [0.]\n",
      " [0.]\n",
      " [0.]\n",
      " [0.]\n",
      " [0.]\n",
      " [0.]\n",
      " [0.]\n",
      " [0.]\n",
      " [0.]]\n",
      "sigma\n",
      "(1, 1)\n",
      "[[0.5]]\n",
      "S\n",
      "(1, 1)\n",
      "[[0.25]]\n",
      "H\n",
      "(30, 30)\n",
      "[[ 1.21752986 -0.49883474  0.51063206  0.46980182  0.35688258  0.33792371\n",
      "   0.35688001  0.74036454  0.3771473   0.42090404  0.27302843  0.58427609\n",
      "   0.35688329  0.10790189  0.77218448 -0.10682064  0.29702518  0.92181062\n",
      "  -0.44340239 -0.17531048  0.66284505  0.55030238  0.55693058  0.67719521\n",
      "   0.67994135  0.67994131  0.35663107  0.3568823   0.3568825   0.40546841]\n",
      " [-0.49883474  0.20437782 -0.2092113  -0.19248273 -0.14621853 -0.13845088\n",
      "  -0.14621748 -0.30333511 -0.1545212  -0.17244879 -0.11186261 -0.23938404\n",
      "  -0.14621882 -0.04420854 -0.31637207  0.04376554 -0.12169433 -0.37767547\n",
      "   0.1816666   0.07182654 -0.27157456 -0.22546465 -0.22818029 -0.27745397\n",
      "  -0.27857909 -0.27857908 -0.14611549 -0.14621842 -0.1462185  -0.16612466]\n",
      " [ 0.51063206 -0.2092113   0.2141591   0.1970349   0.14967656  0.14172521\n",
      "   0.14967548  0.31050891  0.15817559  0.17652716  0.11450813  0.24504541\n",
      "   0.14967686  0.04525406  0.32385419 -0.04480058  0.12457237  0.3866074\n",
      "  -0.18596297 -0.07352522  0.27799723  0.23079684  0.2335767   0.28401569\n",
      "   0.28516742  0.2851674   0.14957108  0.14967645  0.14967653  0.17005346]\n",
      " [ 0.46980182 -0.19248273  0.1970349   0.18127995  0.1377084   0.13039284\n",
      "   0.1377074   0.28568056  0.14552784  0.16241202  0.10535204  0.22545153\n",
      "   0.13770867  0.04163553  0.29795875 -0.04121832  0.11461154  0.3556942\n",
      "  -0.17109334 -0.06764613  0.25576852  0.21234227  0.21489986  0.26130574\n",
      "   0.26236538  0.26236536  0.13761135  0.13770829  0.13770837  0.15645596]\n",
      " [ 0.35688258 -0.14621853  0.14967656  0.1377084   0.10460949  0.09905226\n",
      "   0.10460873  0.21701579  0.11054949  0.12337547  0.08003015  0.17126312\n",
      "   0.1046097   0.03162822  0.22634286 -0.03131129  0.08706408  0.2702013\n",
      "  -0.12997019 -0.05138704  0.19429326  0.16130474  0.16324759  0.19849958\n",
      "   0.19930453  0.19930452  0.10453577  0.10460941  0.10460947  0.11885098]\n",
      " [ 0.33792371 -0.13845088  0.14172521  0.13039284  0.09905226  0.09379025\n",
      "   0.09905155  0.20548714  0.1046767   0.11682133  0.07577866  0.16216501\n",
      "   0.09905246  0.02994802  0.21431872 -0.02964792  0.08243892  0.25584725\n",
      "  -0.12306571 -0.04865718  0.18397171  0.15273566  0.1545753   0.18795458\n",
      "   0.18871677  0.18871676  0.09898245  0.09905218  0.09905224  0.11253719]\n",
      " [ 0.35688001 -0.14621748  0.14967548  0.1377074   0.10460873  0.09905155\n",
      "   0.10460798  0.21701423  0.11054869  0.12337458  0.08002957  0.17126188\n",
      "   0.10460894  0.03162799  0.22634123 -0.03131106  0.08706345  0.27019935\n",
      "  -0.12996925 -0.05138667  0.19429186  0.16130357  0.16324642  0.19849815\n",
      "   0.1993031   0.19930308  0.10453501  0.10460865  0.10460871  0.11885012]\n",
      " [ 0.74036454 -0.30333511  0.31050891  0.28568056  0.21701579  0.20548714\n",
      "   0.21701423  0.45020634  0.22933851  0.25594643  0.16602515  0.35529092\n",
      "   0.21701623  0.06561378  0.46955564 -0.06495628  0.18061726  0.56054141\n",
      "  -0.2696274  -0.10660409  0.40306771  0.33463193  0.33866246  0.41179386\n",
      "   0.41346375  0.41346373  0.21686286  0.21701562  0.21701575  0.24656023]\n",
      " [ 0.3771473  -0.1545212   0.15817559  0.14552784  0.11054949  0.1046767\n",
      "   0.11054869  0.22933851  0.11682677  0.13038105  0.08457446  0.18098788\n",
      "   0.11054971  0.03342415  0.23919519 -0.03308922  0.0920078   0.28554403\n",
      "  -0.13735023 -0.05430493  0.20532574  0.17046404  0.17251722  0.2097709\n",
      "   0.21062156  0.21062155  0.11047158  0.1105494   0.11054946  0.12559964]\n",
      " [ 0.42090404 -0.17244879  0.17652716  0.16241202  0.12337547  0.11682133\n",
      "   0.12337458  0.25594643  0.13038105  0.1455079   0.09438682  0.20198615\n",
      "   0.12337572  0.03730204  0.26694669 -0.03692824  0.10268257  0.31867293\n",
      "  -0.15328565 -0.0606054   0.22914769  0.19024132  0.19253271  0.23410859\n",
      "   0.23505794  0.23505792  0.12328852  0.12337537  0.12337544  0.14017175]\n",
      " [ 0.27302843 -0.11186261  0.11450813  0.10535204  0.08003015  0.07577866\n",
      "   0.08002957  0.16602515  0.08457446  0.09438682  0.06122604  0.13102265\n",
      "   0.08003031  0.02419677  0.1731607  -0.0239543   0.06660725  0.20671404\n",
      "  -0.09943203 -0.039313    0.14864157  0.12340412  0.12489048  0.15185956\n",
      "   0.15247537  0.15247537  0.07997375  0.08003008  0.08003013  0.09092541]\n",
      " [ 0.58427609 -0.23938404  0.24504541  0.22545153  0.17126312  0.16216501\n",
      "   0.17126188  0.35529092  0.18098788  0.20198615  0.13102265  0.28038619\n",
      "   0.17126346  0.05178066  0.37056088 -0.05126178  0.14253836  0.44236444\n",
      "  -0.2127828  -0.08412913  0.31809036  0.26408266  0.26726344  0.32497681\n",
      "   0.32629465  0.32629463  0.17114242  0.17126298  0.17126308  0.1945788 ]\n",
      " [ 0.35688329 -0.14621882  0.14967686  0.13770867  0.1046097   0.09905246\n",
      "   0.10460894  0.21701623  0.11054971  0.12337572  0.08003031  0.17126346\n",
      "   0.10460991  0.03162829  0.22634331 -0.03131135  0.08706425  0.27020184\n",
      "  -0.12997045 -0.05138714  0.19429365  0.16130506  0.16324792  0.19849998\n",
      "   0.19930493  0.19930492  0.10453598  0.10460961  0.10460967  0.11885121]\n",
      " [ 0.10790189 -0.04420854  0.04525406  0.04163553  0.03162822  0.02994802\n",
      "   0.03162799  0.06561378  0.03342415  0.03730204  0.02419677  0.05178066\n",
      "   0.03162829  0.00956266  0.06843378 -0.00946683  0.02632344  0.08169419\n",
      "  -0.03929592 -0.01553665  0.05874372  0.04876978  0.0493572   0.06001548\n",
      "   0.06025886  0.06025885  0.03160593  0.0316282   0.03162822  0.03593407]\n",
      " [ 0.77218448 -0.31637207  0.32385419  0.29795875  0.22634286  0.21431872\n",
      "   0.22634123  0.46955564  0.23919519  0.26694669  0.1731607   0.37056088\n",
      "   0.22634331  0.06843378  0.48973655 -0.06774802  0.18837997  0.58463277\n",
      "  -0.28121564 -0.1111858   0.42039105  0.34901399  0.35321774  0.42949224\n",
      "   0.43123391  0.43123388  0.22618335  0.22634268  0.22634281  0.25715707]\n",
      " [-0.10682064  0.04376554 -0.04480058 -0.04121832 -0.03131129 -0.02964792\n",
      "  -0.03131106 -0.06495628 -0.03308922 -0.03692824 -0.0239543  -0.05126178\n",
      "  -0.03131135 -0.00946683 -0.06774802  0.00937197 -0.02605966 -0.08087555\n",
      "   0.03890215  0.01538096 -0.05815507 -0.04828108 -0.04886261 -0.05941409\n",
      "  -0.05965502 -0.05965502 -0.03128922 -0.03131126 -0.03131128 -0.03557399]\n",
      " [ 0.29702518 -0.12169433  0.12457237  0.11461154  0.08706408  0.08243892\n",
      "   0.08706345  0.18061726  0.0920078   0.10268257  0.06660725  0.14253836\n",
      "   0.08706425  0.02632344  0.18837997 -0.02605966  0.07246143  0.22488234\n",
      "  -0.10817121 -0.04276825  0.16170582  0.13425023  0.13586723  0.16520665\n",
      "   0.16587659  0.16587658  0.08700272  0.08706401  0.08706406  0.09891694]\n",
      " [ 0.92181062 -0.37767547  0.3866074   0.3556942   0.2702013   0.25584725\n",
      "   0.27019935  0.56054141  0.28554403  0.31867293  0.20671404  0.44236444\n",
      "   0.27020184  0.08169419  0.58463277 -0.08087555  0.22488234  0.69791703\n",
      "  -0.33570678 -0.13273027  0.5018502   0.41664242  0.42166072  0.51271493\n",
      "   0.51479407  0.51479404  0.27001088  0.27020109  0.27020124  0.30698639]\n",
      " [-0.44340239  0.1816666  -0.18596297 -0.17109334 -0.12997019 -0.12306571\n",
      "  -0.12996925 -0.2696274  -0.13735023 -0.15328565 -0.09943203 -0.2127828\n",
      "  -0.12997045 -0.03929592 -0.28121564  0.03890215 -0.10817121 -0.33570678\n",
      "   0.16147914  0.06384491 -0.2413962  -0.20041019 -0.20282406 -0.24662226\n",
      "  -0.24762236 -0.24762234 -0.1298786  -0.12997009 -0.12997016 -0.14766427]\n",
      " [-0.17531048  0.07182654 -0.07352522 -0.06764613 -0.05138704 -0.04865718\n",
      "  -0.05138667 -0.10660409 -0.05430493 -0.0606054  -0.039313   -0.08412913\n",
      "  -0.05138714 -0.01553665 -0.1111858   0.01538096 -0.04276825 -0.13273027\n",
      "   0.06384491  0.02524272 -0.09544216 -0.0792373  -0.08019168 -0.09750842\n",
      "  -0.09790384 -0.09790383 -0.05135083 -0.051387   -0.05138703 -0.05838285]\n",
      " [ 0.66284505 -0.27157456  0.27799723  0.25576852  0.19429326  0.18397171\n",
      "   0.19429186  0.40306771  0.20532574  0.22914769  0.14864157  0.31809036\n",
      "   0.19429365  0.05874372  0.42039105 -0.05815507  0.16170582  0.5018502\n",
      "  -0.2413962  -0.09544216  0.36086471  0.29959447  0.30320297  0.36867719\n",
      "   0.37017224  0.37017221  0.19415634  0.19429311  0.19429322  0.22074426]\n",
      " [ 0.55030238 -0.22546465  0.23079684  0.21234227  0.16130474  0.15273566\n",
      "   0.16130357  0.33463193  0.17046404  0.19024132  0.12340412  0.26408266\n",
      "   0.16130506  0.04876978  0.34901399 -0.04828108  0.13425023  0.41664242\n",
      "  -0.20041019 -0.0792373   0.29959447  0.24872713  0.25172296  0.30608049\n",
      "   0.3073217   0.30732168  0.16119106  0.16130461  0.1613047   0.18326469]\n",
      " [ 0.55693058 -0.22818029  0.2335767   0.21489986  0.16324759  0.1545753\n",
      "   0.16324642  0.33866246  0.17251722  0.19253271  0.12489048  0.26726344\n",
      "   0.16324792  0.0493572   0.35321774 -0.04886261  0.13586723  0.42166072\n",
      "  -0.20282406 -0.08019168  0.30320297  0.25172296  0.25475488  0.30976712\n",
      "   0.31102328  0.31102326  0.16313255  0.16324747  0.16324756  0.18547205]\n",
      " [ 0.67719521 -0.27745397  0.28401569  0.26130574  0.19849958  0.18795458\n",
      "   0.19849815  0.41179386  0.2097709   0.23410859  0.15185956  0.32497681\n",
      "   0.19849998  0.06001548  0.42949224 -0.05941409  0.16520665  0.51271493\n",
      "  -0.24662226 -0.09750842  0.36867719  0.30608049  0.30976712  0.37665881\n",
      "   0.37818622  0.3781862   0.1983597   0.19849943  0.19849954  0.22552323]\n",
      " [ 0.67994135 -0.27857909  0.28516742  0.26236538  0.19930453  0.18871677\n",
      "   0.1993031   0.41346375  0.21062156  0.23505794  0.15247537  0.32629465\n",
      "   0.19930493  0.06025886  0.43123391 -0.05965502  0.16587659  0.51479407\n",
      "  -0.24762236 -0.09790384  0.37017224  0.3073217   0.31102328  0.37818622\n",
      "   0.37971983  0.37971981  0.19916408  0.19930438  0.19930449  0.22643776]\n",
      " [ 0.67994131 -0.27857908  0.2851674   0.26236536  0.19930452  0.18871676\n",
      "   0.19930308  0.41346373  0.21062155  0.23505792  0.15247537  0.32629463\n",
      "   0.19930492  0.06025885  0.43123388 -0.05965502  0.16587658  0.51479404\n",
      "  -0.24762234 -0.09790383  0.37017221  0.30732168  0.31102326  0.3781862\n",
      "   0.37971981  0.37971979  0.19916407  0.19930436  0.19930448  0.22643775]\n",
      " [ 0.35663107 -0.14611549  0.14957108  0.13761135  0.10453577  0.09898245\n",
      "   0.10453501  0.21686286  0.11047158  0.12328852  0.07997375  0.17114242\n",
      "   0.10453598  0.03160593  0.22618335 -0.03128922  0.08700272  0.27001088\n",
      "  -0.1298786  -0.05135083  0.19415634  0.16119106  0.16313255  0.1983597\n",
      "   0.19916408  0.19916407  0.1044621   0.10453568  0.10453574  0.11876722]\n",
      " [ 0.3568823  -0.14621842  0.14967645  0.13770829  0.10460941  0.09905218\n",
      "   0.10460865  0.21701562  0.1105494   0.12337537  0.08003008  0.17126298\n",
      "   0.10460961  0.0316282   0.22634268 -0.03131126  0.08706401  0.27020109\n",
      "  -0.12997009 -0.051387    0.19429311  0.16130461  0.16324747  0.19849943\n",
      "   0.19930438  0.19930436  0.10453568  0.10460932  0.10460938  0.11885088]\n",
      " [ 0.3568825  -0.1462185   0.14967653  0.13770837  0.10460947  0.09905224\n",
      "   0.10460871  0.21701575  0.11054946  0.12337544  0.08003013  0.17126308\n",
      "   0.10460967  0.03162822  0.22634281 -0.03131128  0.08706406  0.27020124\n",
      "  -0.12997016 -0.05138703  0.19429322  0.1613047   0.16324756  0.19849954\n",
      "   0.19930449  0.19930448  0.10453574  0.10460938  0.10460944  0.11885095]\n",
      " [ 0.40546841 -0.16612466  0.17005346  0.15645596  0.11885098  0.11253719\n",
      "   0.11885012  0.24656023  0.12559964  0.14017175  0.09092541  0.1945788\n",
      "   0.11885121  0.03593407  0.25715707 -0.03557399  0.09891694  0.30698639\n",
      "  -0.14766427 -0.05838285  0.22074426  0.18326469  0.18547205  0.22552323\n",
      "   0.22643776  0.22643775  0.11876722  0.11885088  0.11885095  0.1350313 ]]\n",
      "\n",
      "YOOOO, this is sigma ... bitch!\n",
      "[[inf]]\n",
      "[[nan]]\n",
      "\n",
      "yb\n",
      "(1,)\n",
      "[-1.]\n",
      "txb\n",
      "(1, 30)\n",
      "[[ 0.3908846  -0.02304622  0.00309815 -0.54439699 -0.6468678  -0.61250388\n",
      "  -0.64686314  0.42843505  0.18299661 -0.81319998  0.13279422 -0.78465356\n",
      "  -0.64686909 -0.63940906  0.47122107 -0.21640838 -0.37720322  1.85188901\n",
      "  -1.4001609  -0.81614838  0.41364729 -0.83250413 -1.00946496 -1.2274507\n",
      "  -1.23242823 -1.23242815 -0.64641193 -0.64686729 -0.64686766 -0.73493209]]\n",
      "w\n",
      "(30, 1)\n",
      "[[ 143.]\n",
      " [-280.]\n",
      " [ 184.]\n",
      " [-160.]\n",
      " [ -16.]\n",
      " [-480.]\n",
      " [-160.]\n",
      " [ -70.]\n",
      " [ -64.]\n",
      " [-160.]\n",
      " [  -8.]\n",
      " [  -7.]\n",
      " [-224.]\n",
      " [-304.]\n",
      " [  80.]\n",
      " [-896.]\n",
      " [ 272.]\n",
      " [  20.]\n",
      " [ -51.]\n",
      " [ 194.]\n",
      " [   8.]\n",
      " [  74.]\n",
      " [  12.]\n",
      " [ -32.]\n",
      " [-200.]\n",
      " [  10.]\n",
      " [ -80.]\n",
      " [ 140.]\n",
      " [  64.]\n",
      " [ -48.]]\n",
      "sigma\n",
      "(1, 1)\n",
      "[[nan]]\n",
      "S\n",
      "(1, 1)\n",
      "[[nan]]\n",
      "H\n",
      "(30, 30)\n",
      "[[nan nan nan nan nan nan nan nan nan nan nan nan nan nan nan nan nan nan\n",
      "  nan nan nan nan nan nan nan nan nan nan nan nan]\n",
      " [nan nan nan nan nan nan nan nan nan nan nan nan nan nan nan nan nan nan\n",
      "  nan nan nan nan nan nan nan nan nan nan nan nan]\n",
      " [nan nan nan nan nan nan nan nan nan nan nan nan nan nan nan nan nan nan\n",
      "  nan nan nan nan nan nan nan nan nan nan nan nan]\n",
      " [nan nan nan nan nan nan nan nan nan nan nan nan nan nan nan nan nan nan\n",
      "  nan nan nan nan nan nan nan nan nan nan nan nan]\n",
      " [nan nan nan nan nan nan nan nan nan nan nan nan nan nan nan nan nan nan\n",
      "  nan nan nan nan nan nan nan nan nan nan nan nan]\n",
      " [nan nan nan nan nan nan nan nan nan nan nan nan nan nan nan nan nan nan\n",
      "  nan nan nan nan nan nan nan nan nan nan nan nan]\n",
      " [nan nan nan nan nan nan nan nan nan nan nan nan nan nan nan nan nan nan\n",
      "  nan nan nan nan nan nan nan nan nan nan nan nan]\n",
      " [nan nan nan nan nan nan nan nan nan nan nan nan nan nan nan nan nan nan\n",
      "  nan nan nan nan nan nan nan nan nan nan nan nan]\n",
      " [nan nan nan nan nan nan nan nan nan nan nan nan nan nan nan nan nan nan\n",
      "  nan nan nan nan nan nan nan nan nan nan nan nan]\n",
      " [nan nan nan nan nan nan nan nan nan nan nan nan nan nan nan nan nan nan\n",
      "  nan nan nan nan nan nan nan nan nan nan nan nan]\n",
      " [nan nan nan nan nan nan nan nan nan nan nan nan nan nan nan nan nan nan\n",
      "  nan nan nan nan nan nan nan nan nan nan nan nan]\n",
      " [nan nan nan nan nan nan nan nan nan nan nan nan nan nan nan nan nan nan\n",
      "  nan nan nan nan nan nan nan nan nan nan nan nan]\n",
      " [nan nan nan nan nan nan nan nan nan nan nan nan nan nan nan nan nan nan\n",
      "  nan nan nan nan nan nan nan nan nan nan nan nan]\n",
      " [nan nan nan nan nan nan nan nan nan nan nan nan nan nan nan nan nan nan\n",
      "  nan nan nan nan nan nan nan nan nan nan nan nan]\n",
      " [nan nan nan nan nan nan nan nan nan nan nan nan nan nan nan nan nan nan\n",
      "  nan nan nan nan nan nan nan nan nan nan nan nan]\n",
      " [nan nan nan nan nan nan nan nan nan nan nan nan nan nan nan nan nan nan\n",
      "  nan nan nan nan nan nan nan nan nan nan nan nan]\n",
      " [nan nan nan nan nan nan nan nan nan nan nan nan nan nan nan nan nan nan\n",
      "  nan nan nan nan nan nan nan nan nan nan nan nan]\n",
      " [nan nan nan nan nan nan nan nan nan nan nan nan nan nan nan nan nan nan\n",
      "  nan nan nan nan nan nan nan nan nan nan nan nan]\n",
      " [nan nan nan nan nan nan nan nan nan nan nan nan nan nan nan nan nan nan\n",
      "  nan nan nan nan nan nan nan nan nan nan nan nan]\n",
      " [nan nan nan nan nan nan nan nan nan nan nan nan nan nan nan nan nan nan\n",
      "  nan nan nan nan nan nan nan nan nan nan nan nan]\n",
      " [nan nan nan nan nan nan nan nan nan nan nan nan nan nan nan nan nan nan\n",
      "  nan nan nan nan nan nan nan nan nan nan nan nan]\n",
      " [nan nan nan nan nan nan nan nan nan nan nan nan nan nan nan nan nan nan\n",
      "  nan nan nan nan nan nan nan nan nan nan nan nan]\n",
      " [nan nan nan nan nan nan nan nan nan nan nan nan nan nan nan nan nan nan\n",
      "  nan nan nan nan nan nan nan nan nan nan nan nan]\n",
      " [nan nan nan nan nan nan nan nan nan nan nan nan nan nan nan nan nan nan\n",
      "  nan nan nan nan nan nan nan nan nan nan nan nan]\n",
      " [nan nan nan nan nan nan nan nan nan nan nan nan nan nan nan nan nan nan\n",
      "  nan nan nan nan nan nan nan nan nan nan nan nan]\n",
      " [nan nan nan nan nan nan nan nan nan nan nan nan nan nan nan nan nan nan\n",
      "  nan nan nan nan nan nan nan nan nan nan nan nan]\n",
      " [nan nan nan nan nan nan nan nan nan nan nan nan nan nan nan nan nan nan\n",
      "  nan nan nan nan nan nan nan nan nan nan nan nan]\n",
      " [nan nan nan nan nan nan nan nan nan nan nan nan nan nan nan nan nan nan\n",
      "  nan nan nan nan nan nan nan nan nan nan nan nan]\n",
      " [nan nan nan nan nan nan nan nan nan nan nan nan nan nan nan nan nan nan\n",
      "  nan nan nan nan nan nan nan nan nan nan nan nan]\n",
      " [nan nan nan nan nan nan nan nan nan nan nan nan nan nan nan nan nan nan\n",
      "  nan nan nan nan nan nan nan nan nan nan nan nan]]\n"
     ]
    },
    {
     "name": "stderr",
     "output_type": "stream",
     "text": [
      "/media/joel/Data/EPFL/PH-M/M3/ml/projects/project1/scripts/implementations.py:295: RuntimeWarning: invalid value encountered in true_divide\n",
      "  sigma = np.divide(x,1+x)\n"
     ]
    }
   ],
   "source": [
    "w, loss = logistic_regression(yb_tr,data_tr0,initial_w,2,0.5)"
   ]
  }
 ],
 "metadata": {
  "anaconda-cloud": {},
  "kernelspec": {
   "display_name": "Python 3",
   "language": "python",
   "name": "python3"
  },
  "language_info": {
   "codemirror_mode": {
    "name": "ipython",
    "version": 3
   },
   "file_extension": ".py",
   "mimetype": "text/x-python",
   "name": "python",
   "nbconvert_exporter": "python",
   "pygments_lexer": "ipython3",
   "version": "3.6.5"
  }
 },
 "nbformat": 4,
 "nbformat_minor": 1
}
